Experiment: Trueswell2013-Exp1

refriger-N:	Ctxt	a	v_act	a_act	c_act	v_ds	a_ds	c_ds
0-canister	J-2:	1.00000	1.00000	1.00000	1.00000	1.00000	1.00000	1.00000
0-refriger	J-2:	0.99995	0.99989	1.00000	0.99995	0.47884	0.53373	0.49774
1-bed     	J-2:	1.00000	1.00000	1.00000	1.00000	1.00000	1.00000	1.00000
0-sofa    	J-2:	0.99991	0.99970	1.00000	0.99997	0.46884	0.52905	0.50541
1-clock   	J-2:	0.99990	0.99972	1.00000	0.99995	0.46007	0.53538	0.50771


refriger-N:	Ctxt	a	v_act	a_act	c_act	v_ds	a_ds	c_ds
0-canister	J-2:	1.00000	1.00000	1.00000	1.00000	1.00000	1.00000	1.00000
1-bed     	J-2:	1.00000	1.00000	1.00000	1.00000	1.00000	1.00000	1.00000
0-refriger	J-2:	0.99995	0.99989	1.00000	0.99995	0.47884	0.53373	0.49774
0-sofa    	J-2:	0.99991	0.99970	1.00000	0.99997	0.46884	0.52905	0.50541
1-clock   	J-2:	0.99990	0.99972	1.00000	0.99995	0.46007	0.53538	0.50771


sofa    -N:	Ctxt	a	v_act	a_act	c_act	v_ds	a_ds	c_ds
2-canister	J-3:	1.00000	1.00000	1.00000	1.00000	1.00000	1.00000	1.00000
3-clock   	J-3:	1.00000	1.00000	1.00000	1.00000	1.00000	1.00000	1.00000
2-desk    	J-3:	0.99995	0.99991	1.00000	0.99995	0.47379	0.55399	0.49188
2-sofa    	J-3:	0.99990	0.99969	1.00000	0.99996	0.47121	0.53218	0.50271
2-door    	J-3:	0.99992	0.99973	1.00000	0.99998	0.45704	0.53876	0.50798


sofa    -N:	Ctxt	a	v_act	a_act	c_act	v_ds	a_ds	c_ds
2-canister	J-3:	1.00000	1.00000	1.00000	1.00000	1.00000	1.00000	1.00000
3-clock   	J-3:	1.00000	1.00000	1.00000	1.00000	1.00000	1.00000	1.00000
2-desk    	J-3:	0.99995	0.99991	1.00000	0.99995	0.47379	0.55399	0.49188
2-door    	J-3:	0.99992	0.99973	1.00000	0.99998	0.45704	0.53876	0.50798
2-sofa    	J-3:	0.99990	0.99969	1.00000	0.99996	0.47121	0.53218	0.50271


door    -N:	Ctxt	a	v_act	a_act	c_act	v_ds	a_ds	c_ds
4-cooker  	J-1:	1.00000	1.00000	1.00000	1.00000	1.00000	1.00000	1.00000
5-canister	J-1:	1.00000	1.00000	1.00000	1.00000	1.00000	1.00000	1.00000
6-clock   	J-1:	1.00000	1.00000	1.00000	1.00000	1.00000	1.00000	1.00000
7-bowl    	J-1:	1.00000	1.00000	1.00000	1.00000	1.00000	1.00000	1.00000
5-door    	J-1:	0.99994	0.99979	1.00000	0.99999	0.44732	0.52929	0.51784


door    -N:	Ctxt	a	v_act	a_act	c_act	v_ds	a_ds	c_ds
4-cooker  	J-1:	1.00000	1.00000	1.00000	1.00000	1.00000	1.00000	1.00000
5-canister	J-1:	1.00000	1.00000	1.00000	1.00000	1.00000	1.00000	1.00000
6-clock   	J-1:	1.00000	1.00000	1.00000	1.00000	1.00000	1.00000	1.00000
7-bowl    	J-1:	1.00000	1.00000	1.00000	1.00000	1.00000	1.00000	1.00000
5-door    	J-1:	0.99994	0.99979	1.00000	0.99999	0.44732	0.52929	0.51784


chair   -N:	Ctxt	a	v_act	a_act	c_act	v_ds	a_ds	c_ds
8-chair   	J-9:	1.00000	1.00000	1.00000	1.00000	1.00000	1.00000	1.00000
9-computer	J-9:	1.00000	1.00000	1.00000	1.00000	1.00000	1.00000	1.00000
8-refriger	J-9:	0.99992	0.99969	1.00000	1.00000	0.45473	0.52144	0.51690
8-desk    	J-9:	0.99994	0.99987	1.00000	0.99995	0.45182	0.54142	0.50991
8-door    	J-9:	0.99994	0.99983	1.00000	0.99997	0.45617	0.54182	0.50714


chair   -N:	Ctxt	a	v_act	a_act	c_act	v_ds	a_ds	c_ds
8-chair   	J-9:	1.00000	1.00000	1.00000	1.00000	1.00000	1.00000	1.00000
9-computer	J-9:	1.00000	1.00000	1.00000	1.00000	1.00000	1.00000	1.00000
8-desk    	J-9:	0.99994	0.99987	1.00000	0.99995	0.45182	0.54142	0.50991
8-door    	J-9:	0.99994	0.99983	1.00000	0.99997	0.45617	0.54182	0.50714
8-refriger	J-9:	0.99992	0.99969	1.00000	1.00000	0.45473	0.52144	0.51690

First guess:	chair

desk    -N:	Ctxt	a	v_act	a_act	c_act	v_ds	a_ds	c_ds
10-refriger	J-13:	1.00000	1.00000	1.00000	1.00000	1.00000	1.00000	1.00000
11-bed     	J-13:	1.00000	1.00000	1.00000	1.00000	1.00000	1.00000	1.00000
10-cooker  	J-13:	0.99991	0.99967	1.00000	0.99999	0.45711	0.52175	0.51532
10-desk    	J-13:	0.99994	0.99984	1.00000	0.99996	0.45261	0.53783	0.51093
12-bowl    	J-13:	1.00000	1.00000	1.00000	1.00000	1.00000	1.00000	1.00000


desk    -N:	Ctxt	a	v_act	a_act	c_act	v_ds	a_ds	c_ds
10-refriger	J-13:	1.00000	1.00000	1.00000	1.00000	1.00000	1.00000	1.00000
11-bed     	J-13:	1.00000	1.00000	1.00000	1.00000	1.00000	1.00000	1.00000
12-bowl    	J-13:	1.00000	1.00000	1.00000	1.00000	1.00000	1.00000	1.00000
10-desk    	J-13:	0.99994	0.99984	1.00000	0.99996	0.45261	0.53783	0.51093
10-cooker  	J-13:	0.99991	0.99967	1.00000	0.99999	0.45711	0.52175	0.51532


bed     -N:	Ctxt	a	v_act	a_act	c_act	v_ds	a_ds	c_ds
13-sofa    	J-17:	1.00000	1.00000	1.00000	1.00000	1.00000	1.00000	1.00000
14-computer	J-17:	1.00000	1.00000	1.00000	1.00000	1.00000	1.00000	1.00000
15-bed     	J-17:	1.00000	1.00000	1.00000	1.00000	1.00000	1.00000	1.00000
16-fork    	J-17:	1.00000	1.00000	1.00000	1.00000	1.00000	1.00000	1.00000
16-chair   	J-17:	0.99994	0.99983	1.00000	0.99996	0.45970	0.54436	0.50419


bed     -N:	Ctxt	a	v_act	a_act	c_act	v_ds	a_ds	c_ds
13-sofa    	J-17:	1.00000	1.00000	1.00000	1.00000	1.00000	1.00000	1.00000
14-computer	J-17:	1.00000	1.00000	1.00000	1.00000	1.00000	1.00000	1.00000
15-bed     	J-17:	1.00000	1.00000	1.00000	1.00000	1.00000	1.00000	1.00000
16-fork    	J-17:	1.00000	1.00000	1.00000	1.00000	1.00000	1.00000	1.00000
16-chair   	J-17:	0.99994	0.99983	1.00000	0.99996	0.45970	0.54436	0.50419


computer-N:	Ctxt	a	v_act	a_act	c_act	v_ds	a_ds	c_ds
17-clock   	J-18:	1.00000	1.00000	1.00000	1.00000	1.00000	1.00000	1.00000
18-desk    	J-18:	1.00000	1.00000	1.00000	1.00000	1.00000	1.00000	1.00000
19-computer	J-18:	1.00000	1.00000	1.00000	1.00000	1.00000	1.00000	1.00000
17-chair   	J-18:	0.99994	0.99977	1.00000	0.99999	0.46604	0.51869	0.51145
18-refriger	J-18:	0.99995	0.99988	1.00000	0.99996	0.47155	0.53827	0.49987


computer-N:	Ctxt	a	v_act	a_act	c_act	v_ds	a_ds	c_ds
17-clock   	J-18:	1.00000	1.00000	1.00000	1.00000	1.00000	1.00000	1.00000
18-desk    	J-18:	1.00000	1.00000	1.00000	1.00000	1.00000	1.00000	1.00000
19-computer	J-18:	1.00000	1.00000	1.00000	1.00000	1.00000	1.00000	1.00000
18-refriger	J-18:	0.99995	0.99988	1.00000	0.99996	0.47155	0.53827	0.49987
17-chair   	J-18:	0.99994	0.99977	1.00000	0.99999	0.46604	0.51869	0.51145


cooker  -N:	Ctxt	a	v_act	a_act	c_act	v_ds	a_ds	c_ds
18-fork    	J-24:	0.99991	0.99987	0.99977	0.99999	0.47165	0.48255	0.52386
20-bed     	J-24:	1.00000	1.00000	1.00000	1.00000	1.00000	1.00000	1.00000
18-door    	J-24:	0.99994	0.99983	0.99993	0.99999	0.46592	0.48559	0.52586
18-cooker  	J-24:	0.99994	0.99979	0.99998	1.00000	0.45178	0.49707	0.52898
19-computer	J-24:	0.99995	1.00000	0.99978	0.99998	0.51887	0.45178	0.51036


cooker  -N:	Ctxt	a	v_act	a_act	c_act	v_ds	a_ds	c_ds
20-bed     	J-24:	1.00000	1.00000	1.00000	1.00000	1.00000	1.00000	1.00000
19-computer	J-24:	0.99995	1.00000	0.99978	0.99998	0.51887	0.45178	0.51036
18-cooker  	J-24:	0.99994	0.99979	0.99998	1.00000	0.45178	0.49707	0.52898
18-door    	J-24:	0.99994	0.99983	0.99993	0.99999	0.46592	0.48559	0.52586
18-fork    	J-24:	0.99991	0.99987	0.99977	0.99999	0.47165	0.48255	0.52386


bowl    -N:	Ctxt	a	v_act	a_act	c_act	v_ds	a_ds	c_ds
21-bowl    	J-1:	1.00000	1.00000	1.00000	1.00000	1.00000	1.00000	1.00000
22-door    	J-1:	1.00000	1.00000	1.00000	1.00000	1.00000	1.00000	1.00000
22-canister	J-1:	0.99995	0.99979	1.00000	1.00000	0.44471	0.52662	0.52050
23-computer	J-1:	1.00000	1.00000	1.00000	1.00000	1.00000	1.00000	1.00000
22-desk    	J-1:	0.99997	0.99990	1.00000	0.99999	0.44090	0.53198	0.52039


bowl    -N:	Ctxt	a	v_act	a_act	c_act	v_ds	a_ds	c_ds
21-bowl    	J-1:	1.00000	1.00000	1.00000	1.00000	1.00000	1.00000	1.00000
22-door    	J-1:	1.00000	1.00000	1.00000	1.00000	1.00000	1.00000	1.00000
23-computer	J-1:	1.00000	1.00000	1.00000	1.00000	1.00000	1.00000	1.00000
22-desk    	J-1:	0.99997	0.99990	1.00000	0.99999	0.44090	0.53198	0.52039
22-canister	J-1:	0.99995	0.99979	1.00000	1.00000	0.44471	0.52662	0.52050

First guess:	bowl

canister-N:	Ctxt	a	v_act	a_act	c_act	v_ds	a_ds	c_ds
18-cooker  	J-27:	0.99993	0.99994	0.99974	0.99999	0.47076	0.47125	0.52928
18-fork    	J-27:	0.99992	0.99983	0.99993	0.99995	0.46697	0.48335	0.52630
18-canister	J-27:	0.99995	0.99987	0.99998	0.99997	0.47189	0.49735	0.51730
18-chair   	J-27:	0.99995	0.99984	0.99999	0.99999	0.46589	0.50780	0.51622
24-bowl    	J-27:	1.00000	1.00000	1.00000	1.00000	1.00000	1.00000	1.00000


canister-N:	Ctxt	a	v_act	a_act	c_act	v_ds	a_ds	c_ds
24-bowl    	J-27:	1.00000	1.00000	1.00000	1.00000	1.00000	1.00000	1.00000
18-chair   	J-27:	0.99995	0.99984	0.99999	0.99999	0.46589	0.50780	0.51622
18-canister	J-27:	0.99995	0.99987	0.99998	0.99997	0.47189	0.49735	0.51730
18-cooker  	J-27:	0.99993	0.99994	0.99974	0.99999	0.47076	0.47125	0.52928
18-fork    	J-27:	0.99992	0.99983	0.99993	0.99995	0.46697	0.48335	0.52630


clock   -N:	Ctxt	a	v_act	a_act	c_act	v_ds	a_ds	c_ds
25-sofa    	J-30:	1.00000	1.00000	1.00000	1.00000	1.00000	1.00000	1.00000
25-refriger	J-30:	0.99992	0.99976	1.00000	0.99996	0.45878	0.53885	0.50705
26-clock   	J-30:	1.00000	1.00000	1.00000	1.00000	1.00000	1.00000	1.00000
25-fork    	J-30:	0.99991	0.99971	1.00000	0.99997	0.45975	0.53457	0.50826
26-bed     	J-30:	0.99993	0.99972	1.00000	1.00000	0.44912	0.52431	0.51882


clock   -N:	Ctxt	a	v_act	a_act	c_act	v_ds	a_ds	c_ds
25-sofa    	J-30:	1.00000	1.00000	1.00000	1.00000	1.00000	1.00000	1.00000
26-clock   	J-30:	1.00000	1.00000	1.00000	1.00000	1.00000	1.00000	1.00000
26-bed     	J-30:	0.99993	0.99972	1.00000	1.00000	0.44912	0.52431	0.51882
25-refriger	J-30:	0.99992	0.99976	1.00000	0.99996	0.45878	0.53885	0.50705
25-fork    	J-30:	0.99991	0.99971	1.00000	0.99997	0.45975	0.53457	0.50826


fork    -N:	Ctxt	a	v_act	a_act	c_act	v_ds	a_ds	c_ds
27-cooker  	J-10:	1.00000	1.00000	1.00000	1.00000	1.00000	1.00000	1.00000
28-sofa    	J-10:	1.00000	1.00000	1.00000	1.00000	1.00000	1.00000	1.00000
29-bowl    	J-10:	1.00000	1.00000	1.00000	1.00000	1.00000	1.00000	1.00000
27-chair   	J-10:	0.99991	0.99977	1.00000	0.99995	0.47357	0.53144	0.50172
27-fork    	J-10:	0.99994	0.99984	1.00000	0.99997	0.45775	0.54507	0.50485


fork    -N:	Ctxt	a	v_act	a_act	c_act	v_ds	a_ds	c_ds
27-cooker  	J-10:	1.00000	1.00000	1.00000	1.00000	1.00000	1.00000	1.00000
28-sofa    	J-10:	1.00000	1.00000	1.00000	1.00000	1.00000	1.00000	1.00000
29-bowl    	J-10:	1.00000	1.00000	1.00000	1.00000	1.00000	1.00000	1.00000
27-fork    	J-10:	0.99994	0.99984	1.00000	0.99997	0.45775	0.54507	0.50485
27-chair   	J-10:	0.99991	0.99977	1.00000	0.99995	0.47357	0.53144	0.50172


Total correct:	2.00000	12	0.16667

First guess:	2
Last incorrect:	0	2.00000	0.00000
Last correct:	0	2.00000	0.00000
Total nodes: 31
Total contexts: 32

refriger-I:	Ctxt	a	v_act	a_act	c_act	v_ds	a_ds	c_ds
30-refriger	J-32:	1.00000	1.00000	1.00000	1.00000	1.00000	1.00000	1.00000
30-sofa    	J-32:	0.99994	0.99976	1.00000	1.00000	0.44673	0.52662	0.51933
31-cooker  	J-32:	1.00000	1.00000	1.00000	1.00000	1.00000	1.00000	1.00000
30-desk    	J-32:	0.99996	0.99987	1.00000	0.99999	0.44824	0.52839	0.51754
31-chair   	J-32:	0.99992	0.99977	1.00000	0.99996	0.47183	0.52968	0.50348


refriger-I:	Ctxt	a	v_act	a_act	c_act	v_ds	a_ds	c_ds
30-refriger	J-32:	1.00000	1.00000	1.00000	1.00000	1.00000	1.00000	1.00000
31-cooker  	J-32:	1.00000	1.00000	1.00000	1.00000	1.00000	1.00000	1.00000
30-desk    	J-32:	0.99996	0.99987	1.00000	0.99999	0.44824	0.52839	0.51754
30-sofa    	J-32:	0.99994	0.99976	1.00000	1.00000	0.44673	0.52662	0.51933
31-chair   	J-32:	0.99992	0.99977	1.00000	0.99996	0.47183	0.52968	0.50348


sofa    -I:	Ctxt	a	v_act	a_act	c_act	v_ds	a_ds	c_ds
3-clock   	J-3:	0.99998	1.00000	1.00000	0.99995	0.52240	0.52905	0.47501
32-computer	J-3:	1.00000	1.00000	1.00000	1.00000	1.00000	1.00000	1.00000
3-chair   	J-3:	0.99992	0.99978	1.00000	0.99995	0.48010	0.53390	0.49687
2-sofa    	J-3:	0.99992	0.99977	1.00000	0.99996	0.45731	0.53698	0.50863
3-fork    	J-3:	0.99993	0.99981	1.00000	0.99996	0.46504	0.54299	0.50166


sofa    -I:	Ctxt	a	v_act	a_act	c_act	v_ds	a_ds	c_ds
32-computer	J-3:	1.00000	1.00000	1.00000	1.00000	1.00000	1.00000	1.00000
3-clock   	J-3:	0.99998	1.00000	1.00000	0.99995	0.52240	0.52905	0.47501
3-fork    	J-3:	0.99993	0.99981	1.00000	0.99996	0.46504	0.54299	0.50166
2-sofa    	J-3:	0.99992	0.99977	1.00000	0.99996	0.45731	0.53698	0.50863
3-chair   	J-3:	0.99992	0.99978	1.00000	0.99995	0.48010	0.53390	0.49687


door    -I:	Ctxt	a	v_act	a_act	c_act	v_ds	a_ds	c_ds
4-door    	J-18:	0.99993	0.99978	1.00000	0.99998	0.45710	0.52647	0.51330
5-refriger	J-18:	0.99996	0.99993	1.00000	0.99996	0.45273	0.54014	0.50997
7-bowl    	J-18:	0.99997	1.00000	1.00000	0.99993	0.52431	0.53081	0.47313
6-clock   	J-18:	0.99998	1.00000	1.00000	0.99996	0.51173	0.52092	0.48465
5-desk    	J-18:	0.99997	0.99991	1.00000	0.99999	0.44395	0.54214	0.51411


door    -I:	Ctxt	a	v_act	a_act	c_act	v_ds	a_ds	c_ds
6-clock   	J-18:	0.99998	1.00000	1.00000	0.99996	0.51173	0.52092	0.48465
5-desk    	J-18:	0.99997	0.99991	1.00000	0.99999	0.44395	0.54214	0.51411
7-bowl    	J-18:	0.99997	1.00000	1.00000	0.99993	0.52431	0.53081	0.47313
5-refriger	J-18:	0.99996	0.99993	1.00000	0.99996	0.45273	0.54014	0.50997
4-door    	J-18:	0.99993	0.99978	1.00000	0.99998	0.45710	0.52647	0.51330


chair   -C:	Ctxt	a	v_act	a_act	c_act	v_ds	a_ds	c_ds
9-computer	J-35:	0.99998	1.00000	1.00000	0.99996	0.52503	0.53413	0.47130
8-clock   	J-35:	0.99992	0.99972	1.00000	0.99998	0.45542	0.53579	0.51024
8-chair   	J-35:	0.99996	0.99985	1.00000	1.00000	0.44799	0.53559	0.51455
8-door    	J-35:	0.99994	0.99978	1.00000	0.99999	0.45465	0.52904	0.51354
33-bed     	J-35:	1.00000	1.00000	1.00000	1.00000	1.00000	1.00000	1.00000


chair   -C:	Ctxt	a	v_act	a_act	c_act	v_ds	a_ds	c_ds
33-bed     	J-35:	1.00000	1.00000	1.00000	1.00000	1.00000	1.00000	1.00000
9-computer	J-35:	0.99998	1.00000	1.00000	0.99996	0.52503	0.53413	0.47130
8-chair   	J-35:	0.99996	0.99985	1.00000	1.00000	0.44799	0.53559	0.51455
8-door    	J-35:	0.99994	0.99978	1.00000	0.99999	0.45465	0.52904	0.51354
8-clock   	J-35:	0.99992	0.99972	1.00000	0.99998	0.45542	0.53579	0.51024


desk    -I:	Ctxt	a	v_act	a_act	c_act	v_ds	a_ds	c_ds
10-canister	J-10:	0.99996	0.99994	1.00000	0.99996	0.45904	0.54647	0.50350
11-bed     	J-10:	0.99998	1.00000	1.00000	0.99996	0.52397	0.53366	0.47211
12-bowl    	J-10:	0.99997	1.00000	1.00000	0.99994	0.53043	0.53112	0.46953
10-refriger	J-10:	0.99998	0.99993	1.00000	0.99999	0.45534	0.54666	0.50557
10-desk    	J-10:	0.99998	0.99993	1.00000	0.99999	0.45044	0.54528	0.50893


desk    -I:	Ctxt	a	v_act	a_act	c_act	v_ds	a_ds	c_ds
11-bed     	J-10:	0.99998	1.00000	1.00000	0.99996	0.52397	0.53366	0.47211
10-desk    	J-10:	0.99998	0.99993	1.00000	0.99999	0.45044	0.54528	0.50893
10-refriger	J-10:	0.99998	0.99993	1.00000	0.99999	0.45534	0.54666	0.50557
12-bowl    	J-10:	0.99997	1.00000	1.00000	0.99994	0.53043	0.53112	0.46953
10-canister	J-10:	0.99996	0.99994	1.00000	0.99996	0.45904	0.54647	0.50350


bed     -I:	Ctxt	a	v_act	a_act	c_act	v_ds	a_ds	c_ds
15-bed     	J-14:	0.99998	1.00000	1.00000	0.99996	0.52935	0.53477	0.46861
14-cooker  	J-14:	0.99996	0.99985	1.00000	0.99999	0.45682	0.52278	0.51508
13-sofa    	J-14:	0.99998	1.00000	1.00000	0.99996	0.52341	0.53531	0.47175
16-door    	J-14:	0.99991	0.99972	1.00000	0.99997	0.45852	0.53634	0.50818
16-desk    	J-14:	0.99997	0.99988	1.00000	0.99999	0.43706	0.55238	0.51367


bed     -I:	Ctxt	a	v_act	a_act	c_act	v_ds	a_ds	c_ds
15-bed     	J-14:	0.99998	1.00000	1.00000	0.99996	0.52935	0.53477	0.46861
13-sofa    	J-14:	0.99998	1.00000	1.00000	0.99996	0.52341	0.53531	0.47175
16-desk    	J-14:	0.99997	0.99988	1.00000	0.99999	0.43706	0.55238	0.51367
14-cooker  	J-14:	0.99996	0.99985	1.00000	0.99999	0.45682	0.52278	0.51508
16-door    	J-14:	0.99991	0.99972	1.00000	0.99997	0.45852	0.53634	0.50818


computer-I:	Ctxt	a	v_act	a_act	c_act	v_ds	a_ds	c_ds
19-computer	J-18:	0.99997	1.00000	0.99995	0.99996	0.52845	0.46292	0.50003
17-cooker  	J-18:	0.99995	0.99981	1.00000	0.99999	0.44537	0.52883	0.51906
34-sofa    	J-18:	1.00000	1.00000	1.00000	1.00000	1.00000	1.00000	1.00000
17-chair   	J-18:	0.99997	0.99990	1.00000	1.00000	0.45261	0.52570	0.51621
17-canister	J-18:	0.99995	0.99979	1.00000	1.00000	0.45253	0.52471	0.51667


computer-I:	Ctxt	a	v_act	a_act	c_act	v_ds	a_ds	c_ds
34-sofa    	J-18:	1.00000	1.00000	1.00000	1.00000	1.00000	1.00000	1.00000
17-chair   	J-18:	0.99997	0.99990	1.00000	1.00000	0.45261	0.52570	0.51621
19-computer	J-18:	0.99997	1.00000	0.99995	0.99996	0.52845	0.46292	0.50003
17-cooker  	J-18:	0.99995	0.99981	1.00000	0.99999	0.44537	0.52883	0.51906
17-canister	J-18:	0.99995	0.99979	1.00000	1.00000	0.45253	0.52471	0.51667


cooker  -I:	Ctxt	a	v_act	a_act	c_act	v_ds	a_ds	c_ds
20-bed     	J-24:	0.99998	1.00000	1.00000	0.99996	0.52795	0.52790	0.47239
19-computer	J-24:	0.99996	1.00000	0.99987	0.99998	0.52705	0.46094	0.50169
35-door    	J-24:	1.00000	1.00000	1.00000	1.00000	1.00000	1.00000	1.00000
18-fork    	J-24:	0.99992	0.99992	0.99975	0.99999	0.47387	0.47899	0.52417
18-cooker  	J-24:	0.99993	0.99983	0.99993	0.99999	0.46408	0.48153	0.52876


cooker  -I:	Ctxt	a	v_act	a_act	c_act	v_ds	a_ds	c_ds
35-door    	J-24:	1.00000	1.00000	1.00000	1.00000	1.00000	1.00000	1.00000
20-bed     	J-24:	0.99998	1.00000	1.00000	0.99996	0.52795	0.52790	0.47239
19-computer	J-24:	0.99996	1.00000	0.99987	0.99998	0.52705	0.46094	0.50169
18-cooker  	J-24:	0.99993	0.99983	0.99993	0.99999	0.46408	0.48153	0.52876
18-fork    	J-24:	0.99992	0.99992	0.99975	0.99999	0.47387	0.47899	0.52417


bowl    -C:	Ctxt	a	v_act	a_act	c_act	v_ds	a_ds	c_ds
23-cooker  	J-25:	0.99996	0.99985	1.00000	0.99999	0.45823	0.52156	0.51481
21-bowl    	J-25:	1.00000	1.00000	1.00000	0.99999	0.51384	0.52949	0.47966
22-refriger	J-25:	0.99998	0.99993	1.00000	1.00000	0.43712	0.53202	0.52243
22-fork    	J-25:	0.99997	0.99987	1.00000	1.00000	0.43354	0.53247	0.52430
23-computer	J-25:	0.99997	0.99996	1.00000	0.99995	0.47230	0.53673	0.50016


bowl    -C:	Ctxt	a	v_act	a_act	c_act	v_ds	a_ds	c_ds
21-bowl    	J-25:	1.00000	1.00000	1.00000	0.99999	0.51384	0.52949	0.47966
22-refriger	J-25:	0.99998	0.99993	1.00000	1.00000	0.43712	0.53202	0.52243
23-computer	J-25:	0.99997	0.99996	1.00000	0.99995	0.47230	0.53673	0.50016
22-fork    	J-25:	0.99997	0.99987	1.00000	1.00000	0.43354	0.53247	0.52430
23-cooker  	J-25:	0.99996	0.99985	1.00000	0.99999	0.45823	0.52156	0.51481


canister-I:	Ctxt	a	v_act	a_act	c_act	v_ds	a_ds	c_ds
20-bed     	J-20:	0.99992	1.00000	0.99971	0.99996	0.53044	0.46624	0.49748
18-fork    	J-20:	0.99994	0.99991	0.99983	0.99999	0.47386	0.47363	0.52656
24-bowl    	J-20:	0.99998	1.00000	1.00000	0.99996	0.52276	0.52667	0.47578
34-sofa    	J-20:	0.99996	1.00000	0.99985	0.99998	0.52244	0.45829	0.50549
18-canister	J-20:	0.99995	0.99988	0.99995	0.99999	0.46797	0.47858	0.52779


canister-I:	Ctxt	a	v_act	a_act	c_act	v_ds	a_ds	c_ds
24-bowl    	J-20:	0.99998	1.00000	1.00000	0.99996	0.52276	0.52667	0.47578
34-sofa    	J-20:	0.99996	1.00000	0.99985	0.99998	0.52244	0.45829	0.50549
18-canister	J-20:	0.99995	0.99988	0.99995	0.99999	0.46797	0.47858	0.52779
18-fork    	J-20:	0.99994	0.99991	0.99983	0.99999	0.47386	0.47363	0.52656
20-bed     	J-20:	0.99992	1.00000	0.99971	0.99996	0.53044	0.46624	0.49748


clock   -I:	Ctxt	a	v_act	a_act	c_act	v_ds	a_ds	c_ds
25-canister	J-28:	0.99997	0.99990	1.00000	0.99999	0.46422	0.52960	0.50780
26-clock   	J-28:	0.99996	0.99994	1.00000	0.99995	0.46114	0.53647	0.50663
25-chair   	J-28:	0.99994	0.99977	1.00000	1.00000	0.45931	0.52740	0.51158
25-door    	J-28:	0.99994	0.99977	1.00000	1.00000	0.44247	0.53461	0.51818
25-desk    	J-28:	0.99997	0.99990	1.00000	0.99999	0.42974	0.54238	0.52228


clock   -I:	Ctxt	a	v_act	a_act	c_act	v_ds	a_ds	c_ds
25-desk    	J-28:	0.99997	0.99990	1.00000	0.99999	0.42974	0.54238	0.52228
25-canister	J-28:	0.99997	0.99990	1.00000	0.99999	0.46422	0.52960	0.50780
26-clock   	J-28:	0.99996	0.99994	1.00000	0.99995	0.46114	0.53647	0.50663
25-door    	J-28:	0.99994	0.99977	1.00000	1.00000	0.44247	0.53461	0.51818
25-chair   	J-28:	0.99994	0.99977	1.00000	1.00000	0.45931	0.52740	0.51158


fork    -I:	Ctxt	a	v_act	a_act	c_act	v_ds	a_ds	c_ds
27-fork    	J-12:	0.99998	0.99996	1.00000	0.99999	0.46049	0.54490	0.50337
29-bowl    	J-12:	1.00000	1.00000	1.00000	0.99999	0.51188	0.53598	0.47792
27-canister	J-12:	0.99996	0.99988	1.00000	0.99999	0.45776	0.53635	0.50862
27-refriger	J-12:	0.99997	0.99989	1.00000	0.99999	0.44814	0.53800	0.51340
27-clock   	J-12:	0.99992	0.99970	1.00000	1.00000	0.45704	0.52506	0.51390


fork    -I:	Ctxt	a	v_act	a_act	c_act	v_ds	a_ds	c_ds
29-bowl    	J-12:	1.00000	1.00000	1.00000	0.99999	0.51188	0.53598	0.47792
27-fork    	J-12:	0.99998	0.99996	1.00000	0.99999	0.46049	0.54490	0.50337
27-refriger	J-12:	0.99997	0.99989	1.00000	0.99999	0.44814	0.53800	0.51340
27-canister	J-12:	0.99996	0.99988	1.00000	0.99999	0.45776	0.53635	0.50862
27-clock   	J-12:	0.99992	0.99970	1.00000	1.00000	0.45704	0.52506	0.51390


Total correct:	3.00000	12	0.25000
Last incorrect:	2	3.00000	0.66667
Last correct:	1	3.00000	0.33333
Total nodes: 37
Total contexts: 38

refriger-C:	Ctxt	a	v_act	a_act	c_act	v_ds	a_ds	c_ds
31-fork    	J-38:	0.99995	0.99984	1.00000	0.99998	0.45388	0.54117	0.50878
30-desk    	J-38:	0.99999	0.99996	1.00000	1.00000	0.45290	0.52998	0.51420
30-sofa    	J-38:	0.99995	0.99982	1.00000	1.00000	0.45543	0.52536	0.51474
31-cooker  	J-38:	0.99995	0.99989	1.00000	0.99996	0.46595	0.54005	0.50233
30-refriger	J-38:	0.99997	0.99989	1.00000	0.99999	0.44119	0.53432	0.51911


refriger-C:	Ctxt	a	v_act	a_act	c_act	v_ds	a_ds	c_ds
30-desk    	J-38:	0.99999	0.99996	1.00000	1.00000	0.45290	0.52998	0.51420
30-refriger	J-38:	0.99997	0.99989	1.00000	0.99999	0.44119	0.53432	0.51911
30-sofa    	J-38:	0.99995	0.99982	1.00000	1.00000	0.45543	0.52536	0.51474
31-fork    	J-38:	0.99995	0.99984	1.00000	0.99998	0.45388	0.54117	0.50878
31-cooker  	J-38:	0.99995	0.99989	1.00000	0.99996	0.46595	0.54005	0.50233


sofa    -I:	Ctxt	a	v_act	a_act	c_act	v_ds	a_ds	c_ds
2-sofa    	J-3:	0.99997	0.99993	1.00000	0.99998	0.45826	0.53695	0.50811
3-canister	J-3:	0.99995	0.99983	1.00000	0.99998	0.46718	0.53162	0.50525
36-bed     	J-3:	1.00000	1.00000	1.00000	1.00000	1.00000	1.00000	1.00000
3-chair   	J-3:	0.99997	0.99990	1.00000	0.99999	0.46611	0.52844	0.50723
2-refriger	J-3:	0.99996	0.99986	1.00000	0.99999	0.45357	0.53598	0.51125


sofa    -I:	Ctxt	a	v_act	a_act	c_act	v_ds	a_ds	c_ds
36-bed     	J-3:	1.00000	1.00000	1.00000	1.00000	1.00000	1.00000	1.00000
2-sofa    	J-3:	0.99997	0.99993	1.00000	0.99998	0.45826	0.53695	0.50811
3-chair   	J-3:	0.99997	0.99990	1.00000	0.99999	0.46611	0.52844	0.50723
2-refriger	J-3:	0.99996	0.99986	1.00000	0.99999	0.45357	0.53598	0.51125
3-canister	J-3:	0.99995	0.99983	1.00000	0.99998	0.46718	0.53162	0.50525


door    -I:	Ctxt	a	v_act	a_act	c_act	v_ds	a_ds	c_ds
4-computer	J-2:	0.99991	0.99979	1.00000	0.99994	0.45746	0.54163	0.50649
5-chair   	J-2:	0.99993	0.99975	1.00000	0.99999	0.44234	0.53809	0.51678
4-door    	J-2:	0.99996	0.99985	1.00000	0.99999	0.45646	0.53590	0.50957
6-clock   	J-2:	0.99999	1.00000	1.00000	0.99999	0.51039	0.52256	0.48467
5-fork    	J-2:	0.99998	0.99991	1.00000	1.00000	0.43189	0.54327	0.52050


door    -I:	Ctxt	a	v_act	a_act	c_act	v_ds	a_ds	c_ds
6-clock   	J-2:	0.99999	1.00000	1.00000	0.99999	0.51039	0.52256	0.48467
5-fork    	J-2:	0.99998	0.99991	1.00000	1.00000	0.43189	0.54327	0.52050
4-door    	J-2:	0.99996	0.99985	1.00000	0.99999	0.45646	0.53590	0.50957
5-chair   	J-2:	0.99993	0.99975	1.00000	0.99999	0.44234	0.53809	0.51678
4-computer	J-2:	0.99991	0.99979	1.00000	0.99994	0.45746	0.54163	0.50649


chair   -I:	Ctxt	a	v_act	a_act	c_act	v_ds	a_ds	c_ds
37-sofa    	J-8:	1.00000	1.00000	1.00000	1.00000	1.00000	1.00000	1.00000
8-desk    	J-8:	0.99996	0.99986	1.00000	0.99999	0.43652	0.54117	0.51889
8-door    	J-8:	0.99998	0.99991	1.00000	1.00000	0.44175	0.53560	0.51828
8-chair   	J-8:	0.99993	0.99974	1.00000	1.00000	0.44645	0.52836	0.51859
8-cooker  	J-8:	0.99996	0.99984	1.00000	1.00000	0.42665	0.53757	0.52618


chair   -I:	Ctxt	a	v_act	a_act	c_act	v_ds	a_ds	c_ds
37-sofa    	J-8:	1.00000	1.00000	1.00000	1.00000	1.00000	1.00000	1.00000
8-door    	J-8:	0.99998	0.99991	1.00000	1.00000	0.44175	0.53560	0.51828
8-desk    	J-8:	0.99996	0.99986	1.00000	0.99999	0.43652	0.54117	0.51889
8-cooker  	J-8:	0.99996	0.99984	1.00000	1.00000	0.42665	0.53757	0.52618
8-chair   	J-8:	0.99993	0.99974	1.00000	1.00000	0.44645	0.52836	0.51859


desk    -I:	Ctxt	a	v_act	a_act	c_act	v_ds	a_ds	c_ds
10-refriger	J-39:	0.99998	0.99995	1.00000	0.99999	0.45633	0.54031	0.50772
10-sofa    	J-39:	0.99994	0.99976	1.00000	1.00000	0.44607	0.53625	0.51540
11-bed     	J-39:	0.99999	1.00000	1.00000	0.99997	0.51949	0.53762	0.47293
10-desk    	J-39:	0.99998	0.99991	1.00000	1.00000	0.44982	0.53190	0.51511
38-computer	J-39:	1.00000	1.00000	1.00000	1.00000	1.00000	1.00000	1.00000


desk    -I:	Ctxt	a	v_act	a_act	c_act	v_ds	a_ds	c_ds
38-computer	J-39:	1.00000	1.00000	1.00000	1.00000	1.00000	1.00000	1.00000
11-bed     	J-39:	0.99999	1.00000	1.00000	0.99997	0.51949	0.53762	0.47293
10-refriger	J-39:	0.99998	0.99995	1.00000	0.99999	0.45633	0.54031	0.50772
10-desk    	J-39:	0.99998	0.99991	1.00000	1.00000	0.44982	0.53190	0.51511
10-sofa    	J-39:	0.99994	0.99976	1.00000	1.00000	0.44607	0.53625	0.51540


bed     -C:	Ctxt	a	v_act	a_act	c_act	v_ds	a_ds	c_ds
15-bed     	J-17:	0.99999	1.00000	1.00000	0.99997	0.52392	0.53893	0.46991
14-computer	J-17:	0.99997	0.99996	1.00000	0.99996	0.46863	0.53776	0.50181
39-bowl    	J-17:	1.00000	1.00000	1.00000	1.00000	1.00000	1.00000	1.00000
16-door    	J-17:	0.99997	0.99989	1.00000	1.00000	0.44609	0.54017	0.51378
16-clock   	J-17:	0.99992	0.99970	1.00000	1.00000	0.44801	0.53081	0.51668


bed     -C:	Ctxt	a	v_act	a_act	c_act	v_ds	a_ds	c_ds
39-bowl    	J-17:	1.00000	1.00000	1.00000	1.00000	1.00000	1.00000	1.00000
15-bed     	J-17:	0.99999	1.00000	1.00000	0.99997	0.52392	0.53893	0.46991
16-door    	J-17:	0.99997	0.99989	1.00000	1.00000	0.44609	0.54017	0.51378
14-computer	J-17:	0.99997	0.99996	1.00000	0.99996	0.46863	0.53776	0.50181
16-clock   	J-17:	0.99992	0.99970	1.00000	1.00000	0.44801	0.53081	0.51668


computer-I:	Ctxt	a	v_act	a_act	c_act	v_ds	a_ds	c_ds
20-bed     	J-25:	0.99997	1.00000	0.99988	0.99998	0.53783	0.44837	0.50098
24-bowl    	J-25:	0.99996	1.00000	0.99985	0.99997	0.53205	0.47394	0.49315
17-door    	J-25:	0.99995	0.99980	1.00000	0.99999	0.44327	0.52907	0.52010
17-clock   	J-25:	0.99993	0.99974	1.00000	1.00000	0.44879	0.52585	0.51836
19-computer	J-25:	0.99998	1.00000	0.99992	0.99999	0.52394	0.46070	0.50356


computer-I:	Ctxt	a	v_act	a_act	c_act	v_ds	a_ds	c_ds
19-computer	J-25:	0.99998	1.00000	0.99992	0.99999	0.52394	0.46070	0.50356
20-bed     	J-25:	0.99997	1.00000	0.99988	0.99998	0.53783	0.44837	0.50098
24-bowl    	J-25:	0.99996	1.00000	0.99985	0.99997	0.53205	0.47394	0.49315
17-door    	J-25:	0.99995	0.99980	1.00000	0.99999	0.44327	0.52907	0.52010
17-clock   	J-25:	0.99993	0.99974	1.00000	1.00000	0.44879	0.52585	0.51836


cooker  -I:	Ctxt	a	v_act	a_act	c_act	v_ds	a_ds	c_ds
17-clock   	J-20:	0.99992	0.99993	0.99975	0.99999	0.46335	0.49401	0.52370
18-canister	J-20:	0.99995	0.99996	0.99981	0.99999	0.48318	0.46808	0.52362
35-cooker  	J-20:	0.99994	0.99978	1.00000	0.99999	0.45623	0.52567	0.51415
18-refriger	J-20:	0.99996	0.99989	0.99995	0.99999	0.47374	0.47243	0.52710
34-sofa    	J-20:	0.99995	1.00000	0.99977	0.99998	0.52814	0.44085	0.50984


cooker  -I:	Ctxt	a	v_act	a_act	c_act	v_ds	a_ds	c_ds
18-refriger	J-20:	0.99996	0.99989	0.99995	0.99999	0.47374	0.47243	0.52710
18-canister	J-20:	0.99995	0.99996	0.99981	0.99999	0.48318	0.46808	0.52362
34-sofa    	J-20:	0.99995	1.00000	0.99977	0.99998	0.52814	0.44085	0.50984
35-cooker  	J-20:	0.99994	0.99978	1.00000	0.99999	0.45623	0.52567	0.51415
17-clock   	J-20:	0.99992	0.99993	0.99975	0.99999	0.46335	0.49401	0.52370


bowl    -C:	Ctxt	a	v_act	a_act	c_act	v_ds	a_ds	c_ds
22-fork    	J-1:	0.99999	0.99996	1.00000	0.99999	0.44716	0.52737	0.51858
22-door    	J-1:	0.99995	0.99980	1.00000	1.00000	0.45387	0.52338	0.51646
21-bowl    	J-1:	1.00000	1.00000	1.00000	0.99999	0.49814	0.52928	0.48866
22-chair   	J-1:	0.99994	0.99976	1.00000	1.00000	0.44390	0.52765	0.52035
22-clock   	J-1:	0.99995	0.99979	1.00000	1.00000	0.43925	0.53033	0.52193


bowl    -C:	Ctxt	a	v_act	a_act	c_act	v_ds	a_ds	c_ds
21-bowl    	J-1:	1.00000	1.00000	1.00000	0.99999	0.49814	0.52928	0.48866
22-fork    	J-1:	0.99999	0.99996	1.00000	0.99999	0.44716	0.52737	0.51858
22-door    	J-1:	0.99995	0.99980	1.00000	1.00000	0.45387	0.52338	0.51646
22-clock   	J-1:	0.99995	0.99979	1.00000	1.00000	0.43925	0.53033	0.52193
22-chair   	J-1:	0.99994	0.99976	1.00000	1.00000	0.44390	0.52765	0.52035


canister-I:	Ctxt	a	v_act	a_act	c_act	v_ds	a_ds	c_ds
24-bowl    	J-18:	0.99999	1.00000	0.99997	0.99998	0.53218	0.47305	0.49349
18-desk    	J-18:	0.99993	0.99992	0.99982	0.99999	0.48050	0.46957	0.52444
19-cooker  	J-18:	0.99992	0.99986	0.99985	0.99998	0.49832	0.45794	0.51928
18-canister	J-18:	0.99997	0.99996	0.99995	0.99999	0.48070	0.46997	0.52417
18-fork    	J-18:	0.99997	0.99989	0.99998	1.00000	0.46215	0.48045	0.53029


canister-I:	Ctxt	a	v_act	a_act	c_act	v_ds	a_ds	c_ds
24-bowl    	J-18:	0.99999	1.00000	0.99997	0.99998	0.53218	0.47305	0.49349
18-canister	J-18:	0.99997	0.99996	0.99995	0.99999	0.48070	0.46997	0.52417
18-fork    	J-18:	0.99997	0.99989	0.99998	1.00000	0.46215	0.48045	0.53029
18-desk    	J-18:	0.99993	0.99992	0.99982	0.99999	0.48050	0.46957	0.52444
19-cooker  	J-18:	0.99992	0.99986	0.99985	0.99998	0.49832	0.45794	0.51928


clock   -I:	Ctxt	a	v_act	a_act	c_act	v_ds	a_ds	c_ds
25-desk    	J-28:	0.99999	0.99997	1.00000	0.99999	0.44105	0.53754	0.51779
26-clock   	J-28:	0.99998	0.99998	1.00000	0.99997	0.47096	0.54634	0.49675
26-bed     	J-28:	0.99994	0.99979	1.00000	1.00000	0.45827	0.53356	0.50954
25-refriger	J-28:	0.99998	0.99991	1.00000	1.00000	0.44107	0.53434	0.51910
25-canister	J-28:	0.99998	0.99993	1.00000	1.00000	0.44725	0.53098	0.51699


clock   -I:	Ctxt	a	v_act	a_act	c_act	v_ds	a_ds	c_ds
25-desk    	J-28:	0.99999	0.99997	1.00000	0.99999	0.44105	0.53754	0.51779
25-canister	J-28:	0.99998	0.99993	1.00000	1.00000	0.44725	0.53098	0.51699
26-clock   	J-28:	0.99998	0.99998	1.00000	0.99997	0.47096	0.54634	0.49675
25-refriger	J-28:	0.99998	0.99991	1.00000	1.00000	0.44107	0.53434	0.51910
26-bed     	J-28:	0.99994	0.99979	1.00000	1.00000	0.45827	0.53356	0.50954


fork    -I:	Ctxt	a	v_act	a_act	c_act	v_ds	a_ds	c_ds
27-fork    	J-13:	0.99997	0.99989	1.00000	0.99999	0.44701	0.53210	0.51677
27-canister	J-13:	0.99997	0.99988	1.00000	1.00000	0.45501	0.52572	0.51482
27-chair   	J-13:	0.99996	0.99985	1.00000	0.99999	0.45939	0.52432	0.51287
40-computer	J-13:	1.00000	1.00000	1.00000	1.00000	1.00000	1.00000	1.00000
29-bowl    	J-13:	1.00000	1.00000	1.00000	0.99999	0.49775	0.54362	0.48276


fork    -I:	Ctxt	a	v_act	a_act	c_act	v_ds	a_ds	c_ds
40-computer	J-13:	1.00000	1.00000	1.00000	1.00000	1.00000	1.00000	1.00000
29-bowl    	J-13:	1.00000	1.00000	1.00000	0.99999	0.49775	0.54362	0.48276
27-fork    	J-13:	0.99997	0.99989	1.00000	0.99999	0.44701	0.53210	0.51677
27-canister	J-13:	0.99997	0.99988	1.00000	1.00000	0.45501	0.52572	0.51482
27-chair   	J-13:	0.99996	0.99985	1.00000	0.99999	0.45939	0.52432	0.51287


Total correct:	2.00000	12	0.16667
Last incorrect:	1	2.00000	0.50000
Last correct:	1	2.00000	0.50000
Total nodes: 42
Total contexts: 41

refriger-I:	Ctxt	a	v_act	a_act	c_act	v_ds	a_ds	c_ds
30-refriger	J-38:	0.99999	0.99997	1.00000	0.99999	0.44213	0.53725	0.51732
30-refriger	J-38:	1.00000	0.99999	1.00000	1.00000	0.44530	0.53722	0.51550
30-desk    	J-38:	0.99997	0.99990	1.00000	1.00000	0.44736	0.52948	0.51757
31-cooker  	J-38:	0.99999	0.99997	1.00000	0.99999	0.46925	0.53952	0.50067
30-sofa    	J-38:	0.99995	0.99980	1.00000	0.99999	0.44406	0.52997	0.51931


refriger-I:	Ctxt	a	v_act	a_act	c_act	v_ds	a_ds	c_ds
30-refriger	J-38:	1.00000	0.99999	1.00000	1.00000	0.44530	0.53722	0.51550
30-refriger	J-38:	0.99999	0.99997	1.00000	0.99999	0.44213	0.53725	0.51732
31-cooker  	J-38:	0.99999	0.99997	1.00000	0.99999	0.46925	0.53952	0.50067
30-desk    	J-38:	0.99997	0.99990	1.00000	1.00000	0.44736	0.52948	0.51757
30-sofa    	J-38:	0.99995	0.99980	1.00000	0.99999	0.44406	0.52997	0.51931


sofa    -I:	Ctxt	a	v_act	a_act	c_act	v_ds	a_ds	c_ds
2-sofa    	J-42:	0.99997	0.99991	1.00000	0.99999	0.45275	0.53409	0.51255
2-refriger	J-42:	0.99997	0.99989	1.00000	1.00000	0.44966	0.53200	0.51527
41-bowl    	J-42:	1.00000	1.00000	1.00000	1.00000	1.00000	1.00000	1.00000
3-canister	J-42:	0.99997	0.99990	1.00000	0.99999	0.47042	0.52333	0.50697
32-cooker  	J-42:	0.99995	0.99985	1.00000	0.99999	0.46013	0.52454	0.51242


sofa    -I:	Ctxt	a	v_act	a_act	c_act	v_ds	a_ds	c_ds
41-bowl    	J-42:	1.00000	1.00000	1.00000	1.00000	1.00000	1.00000	1.00000
2-sofa    	J-42:	0.99997	0.99991	1.00000	0.99999	0.45275	0.53409	0.51255
2-refriger	J-42:	0.99997	0.99989	1.00000	1.00000	0.44966	0.53200	0.51527
3-canister	J-42:	0.99997	0.99990	1.00000	0.99999	0.47042	0.52333	0.50697
32-cooker  	J-42:	0.99995	0.99985	1.00000	0.99999	0.46013	0.52454	0.51242


door    -I:	Ctxt	a	v_act	a_act	c_act	v_ds	a_ds	c_ds
6-bed     	J-2:	0.99992	0.99972	1.00000	0.99998	0.45765	0.53689	0.50850
5-refriger	J-2:	0.99997	0.99988	1.00000	0.99999	0.43700	0.53872	0.51954
4-door    	J-2:	0.99998	0.99996	1.00000	0.99998	0.45949	0.53788	0.50698
7-bowl    	J-2:	0.99999	1.00000	1.00000	0.99998	0.50942	0.53371	0.48028
5-desk    	J-2:	0.99998	0.99992	1.00000	0.99999	0.43234	0.54321	0.52028


door    -I:	Ctxt	a	v_act	a_act	c_act	v_ds	a_ds	c_ds
7-bowl    	J-2:	0.99999	1.00000	1.00000	0.99998	0.50942	0.53371	0.48028
4-door    	J-2:	0.99998	0.99996	1.00000	0.99998	0.45949	0.53788	0.50698
5-desk    	J-2:	0.99998	0.99992	1.00000	0.99999	0.43234	0.54321	0.52028
5-refriger	J-2:	0.99997	0.99988	1.00000	0.99999	0.43700	0.53872	0.51954
6-bed     	J-2:	0.99992	0.99972	1.00000	0.99998	0.45765	0.53689	0.50850


chair   -I:	Ctxt	a	v_act	a_act	c_act	v_ds	a_ds	c_ds
8-fork    	J-9:	0.99996	0.99986	1.00000	0.99999	0.43408	0.53697	0.52206
9-computer	J-9:	0.99999	1.00000	1.00000	0.99997	0.51726	0.53616	0.47480
8-chair   	J-9:	0.99997	0.99989	1.00000	1.00000	0.42376	0.54085	0.52645
8-door    	J-9:	0.99994	0.99975	1.00000	1.00000	0.44310	0.52874	0.52037
8-canister	J-9:	0.99997	0.99989	1.00000	1.00000	0.44267	0.52905	0.52044


chair   -I:	Ctxt	a	v_act	a_act	c_act	v_ds	a_ds	c_ds
9-computer	J-9:	0.99999	1.00000	1.00000	0.99997	0.51726	0.53616	0.47480
8-chair   	J-9:	0.99997	0.99989	1.00000	1.00000	0.42376	0.54085	0.52645
8-canister	J-9:	0.99997	0.99989	1.00000	1.00000	0.44267	0.52905	0.52044
8-fork    	J-9:	0.99996	0.99986	1.00000	0.99999	0.43408	0.53697	0.52206
8-door    	J-9:	0.99994	0.99975	1.00000	1.00000	0.44310	0.52874	0.52037


desk    -I:	Ctxt	a	v_act	a_act	c_act	v_ds	a_ds	c_ds
11-bed     	J-10:	0.99999	1.00000	1.00000	0.99999	0.52073	0.53943	0.47142
10-door    	J-10:	0.99995	0.99979	1.00000	1.00000	0.43986	0.53441	0.51980
10-desk    	J-10:	0.99998	0.99994	1.00000	1.00000	0.43879	0.53626	0.51968
10-chair   	J-10:	0.99993	0.99971	1.00000	1.00000	0.43246	0.53664	0.52316
10-cooker  	J-10:	0.99994	0.99979	1.00000	1.00000	0.43319	0.53538	0.52324


desk    -I:	Ctxt	a	v_act	a_act	c_act	v_ds	a_ds	c_ds
11-bed     	J-10:	0.99999	1.00000	1.00000	0.99999	0.52073	0.53943	0.47142
10-desk    	J-10:	0.99998	0.99994	1.00000	1.00000	0.43879	0.53626	0.51968
10-door    	J-10:	0.99995	0.99979	1.00000	1.00000	0.43986	0.53441	0.51980
10-cooker  	J-10:	0.99994	0.99979	1.00000	1.00000	0.43319	0.53538	0.52324
10-chair   	J-10:	0.99993	0.99971	1.00000	1.00000	0.43246	0.53664	0.52316


bed     -I:	Ctxt	a	v_act	a_act	c_act	v_ds	a_ds	c_ds
16-fork    	J-15:	0.99996	0.99985	1.00000	0.99999	0.44431	0.53499	0.51702
13-sofa    	J-15:	0.99998	1.00000	1.00000	0.99997	0.51698	0.54008	0.47330
15-bed     	J-15:	0.99999	1.00000	1.00000	0.99999	0.51595	0.54290	0.47269
16-desk    	J-15:	0.99997	0.99988	1.00000	1.00000	0.43834	0.53647	0.51979
14-computer	J-15:	0.99998	0.99998	1.00000	0.99997	0.47592	0.54669	0.49378


bed     -I:	Ctxt	a	v_act	a_act	c_act	v_ds	a_ds	c_ds
15-bed     	J-15:	0.99999	1.00000	1.00000	0.99999	0.51595	0.54290	0.47269
13-sofa    	J-15:	0.99998	1.00000	1.00000	0.99997	0.51698	0.54008	0.47330
14-computer	J-15:	0.99998	0.99998	1.00000	0.99997	0.47592	0.54669	0.49378
16-desk    	J-15:	0.99997	0.99988	1.00000	1.00000	0.43834	0.53647	0.51979
16-fork    	J-15:	0.99996	0.99985	1.00000	0.99999	0.44431	0.53499	0.51702


computer-C:	Ctxt	a	v_act	a_act	c_act	v_ds	a_ds	c_ds
17-clock   	J-25:	0.99998	0.99997	0.99995	0.99999	0.47122	0.48509	0.52305
35-door    	J-25:	0.99993	0.99995	0.99976	0.99998	0.47595	0.47814	0.52337
18-fork    	J-25:	0.99995	0.99997	0.99987	0.99997	0.48195	0.47302	0.52205
34-sofa    	J-25:	0.99998	1.00000	0.99993	0.99999	0.52879	0.44010	0.50974
19-computer	J-25:	0.99997	0.99996	0.99995	0.99999	0.48979	0.45934	0.52360


computer-C:	Ctxt	a	v_act	a_act	c_act	v_ds	a_ds	c_ds
34-sofa    	J-25:	0.99998	1.00000	0.99993	0.99999	0.52879	0.44010	0.50974
17-clock   	J-25:	0.99998	0.99997	0.99995	0.99999	0.47122	0.48509	0.52305
19-computer	J-25:	0.99997	0.99996	0.99995	0.99999	0.48979	0.45934	0.52360
18-fork    	J-25:	0.99995	0.99997	0.99987	0.99997	0.48195	0.47302	0.52205
35-door    	J-25:	0.99993	0.99995	0.99976	0.99998	0.47595	0.47814	0.52337


cooker  -I:	Ctxt	a	v_act	a_act	c_act	v_ds	a_ds	c_ds
42-chair   	J-24:	1.00000	1.00000	1.00000	1.00000	1.00000	1.00000	1.00000
35-desk    	J-24:	0.99993	0.99980	0.99995	0.99999	0.45907	0.48470	0.53019
19-computer	J-24:	0.99995	0.99999	0.99981	0.99999	0.50180	0.45552	0.51838
19-cooker  	J-24:	0.99995	0.99989	0.99995	0.99999	0.48369	0.46692	0.52385
17-clock   	J-24:	0.99995	0.99999	0.99987	0.99997	0.49041	0.47049	0.51842


cooker  -I:	Ctxt	a	v_act	a_act	c_act	v_ds	a_ds	c_ds
42-chair   	J-24:	1.00000	1.00000	1.00000	1.00000	1.00000	1.00000	1.00000
19-cooker  	J-24:	0.99995	0.99989	0.99995	0.99999	0.48369	0.46692	0.52385
17-clock   	J-24:	0.99995	0.99999	0.99987	0.99997	0.49041	0.47049	0.51842
19-computer	J-24:	0.99995	0.99999	0.99981	0.99999	0.50180	0.45552	0.51838
35-desk    	J-24:	0.99993	0.99980	0.99995	0.99999	0.45907	0.48470	0.53019


bowl    -C:	Ctxt	a	v_act	a_act	c_act	v_ds	a_ds	c_ds
22-canister	J-1:	0.99994	0.99979	1.00000	0.99999	0.45655	0.52306	0.51505
22-clock   	J-1:	0.99995	0.99981	1.00000	1.00000	0.45954	0.52149	0.51405
22-fork    	J-1:	0.99996	0.99986	1.00000	1.00000	0.45000	0.52571	0.51782
21-bowl    	J-1:	1.00000	1.00000	1.00000	1.00000	0.48821	0.53694	0.49105
43-sofa    	J-1:	1.00000	1.00000	1.00000	1.00000	1.00000	1.00000	1.00000


bowl    -C:	Ctxt	a	v_act	a_act	c_act	v_ds	a_ds	c_ds
43-sofa    	J-1:	1.00000	1.00000	1.00000	1.00000	1.00000	1.00000	1.00000
21-bowl    	J-1:	1.00000	1.00000	1.00000	1.00000	0.48821	0.53694	0.49105
22-fork    	J-1:	0.99996	0.99986	1.00000	1.00000	0.45000	0.52571	0.51782
22-clock   	J-1:	0.99995	0.99981	1.00000	1.00000	0.45954	0.52149	0.51405
22-canister	J-1:	0.99994	0.99979	1.00000	0.99999	0.45655	0.52306	0.51505


canister-I:	Ctxt	a	v_act	a_act	c_act	v_ds	a_ds	c_ds
18-refriger	J-26:	0.99995	0.99988	0.99996	0.99999	0.47013	0.48016	0.52575
18-desk    	J-26:	0.99997	0.99992	0.99999	1.00000	0.45953	0.48873	0.52809
19-computer	J-26:	0.99994	0.99995	0.99980	0.99999	0.48950	0.46295	0.52221
18-canister	J-26:	0.99998	0.99994	1.00000	1.00000	0.45644	0.49830	0.52577
19-cooker  	J-26:	0.99996	0.99992	0.99994	0.99999	0.48085	0.46751	0.52523


canister-I:	Ctxt	a	v_act	a_act	c_act	v_ds	a_ds	c_ds
18-canister	J-26:	0.99998	0.99994	1.00000	1.00000	0.45644	0.49830	0.52577
18-desk    	J-26:	0.99997	0.99992	0.99999	1.00000	0.45953	0.48873	0.52809
19-cooker  	J-26:	0.99996	0.99992	0.99994	0.99999	0.48085	0.46751	0.52523
18-refriger	J-26:	0.99995	0.99988	0.99996	0.99999	0.47013	0.48016	0.52575
19-computer	J-26:	0.99994	0.99995	0.99980	0.99999	0.48950	0.46295	0.52221


clock   -I:	Ctxt	a	v_act	a_act	c_act	v_ds	a_ds	c_ds
25-chair   	J-30:	0.99993	0.99977	1.00000	0.99999	0.45420	0.52723	0.51461
24-bowl    	J-30:	0.99992	1.00000	0.99963	0.99998	0.52224	0.45797	0.50571
25-door    	J-30:	0.99995	0.99979	1.00000	1.00000	0.44303	0.53141	0.51924
26-clock   	J-30:	0.99997	0.99992	1.00000	0.99999	0.45817	0.53347	0.50963
26-bed     	J-30:	0.99996	0.99986	1.00000	1.00000	0.45522	0.53048	0.51263


clock   -I:	Ctxt	a	v_act	a_act	c_act	v_ds	a_ds	c_ds
26-clock   	J-30:	0.99997	0.99992	1.00000	0.99999	0.45817	0.53347	0.50963
26-bed     	J-30:	0.99996	0.99986	1.00000	1.00000	0.45522	0.53048	0.51263
25-door    	J-30:	0.99995	0.99979	1.00000	1.00000	0.44303	0.53141	0.51924
